1.00000e-01 -1.45686e+00 -1.15474e+02
2.00000e-01 -1.95608e+00 6.90647e-01
3.00000e-01 -1.88481e+00 7.36425e-01
4.00000e-01 -1.80842e+00 7.93679e-01
5.00000e-01 -1.72550e+00 8.68268e-01
6.00000e-01 -1.63383e+00 9.71295e-01
7.00000e-01 -1.52952e+00 1.12715e+00
8.00000e-01 -1.40454e+00 1.40376e+00
9.00000e-01 -1.23605e+00 2.10149e+00
1.00000e+00 -8.53916e-01 9.01985e+00
1.10000e+00 1.99274e+00 -6.69455e-01
1.20000e+00 1.92381e+00 -7.10572e-01
1.30000e+00 1.85032e+00 -7.61105e-01
1.40000e+00 1.77113e+00 -8.25399e-01
1.50000e+00 1.68453e+00 -9.11204e-01
1.60000e+00 1.58767e+00 -1.03413e+00
1.70000e+00 1.47528e+00 -1.23181e+00
1.80000e+00 1.33506e+00 -1.62840e+00
1.90000e+00 1.12079e+00 -3.05570e+00
2.00000e+00 -1.59838e+00 -9.82296e+01
2.10000e+00 -1.96148e+00 6.87434e-01
2.20000e+00 -1.89057e+00 7.32478e-01
2.30000e+00 -1.81462e+00 7.88664e-01
2.40000e+00 -1.73228e+00 8.61590e-01
2.50000e+00 -1.64141e+00 9.61768e-01
2.60000e+00 -1.53829e+00 1.11197e+00
2.70000e+00 -1.41542e+00 1.37412e+00
2.80000e+00 -1.25215e+00 2.00819e+00
2.90000e+00 -9.15978e-01 6.98134e+00
3.00000e+00 1.99798e+00 -6.66422e-01
3.10000e+00 1.92936e+00 -7.07053e-01
3.20000e+00 1.85626e+00 -7.56719e-01
3.30000e+00 1.77758e+00 -8.19716e-01
3.40000e+00 1.69164e+00 -9.03421e-01
3.50000e+00 1.59573e+00 -1.02252e+00
3.60000e+00 1.48485e+00 -1.21185e+00
3.70000e+00 1.34764e+00 -1.58256e+00
3.80000e+00 1.14377e+00 -2.81644e+00
3.90000e+00 -5.76618e-01 -1.26648e+02
4.00000e+00 -1.96686e+00 6.84269e-01
4.10000e+00 -1.89629e+00 7.28598e-01
4.20000e+00 -1.82078e+00 7.83750e-01
4.30000e+00 -1.73901e+00 8.55074e-01
4.40000e+00 -1.64891e+00 9.52534e-01
4.50000e+00 -1.54695e+00 1.09742e+00
4.60000e+00 -1.42608e+00 1.34632e+00
4.70000e+00 -1.26756e+00 1.92566e+00
4.80000e+00 -9.65230e-01 5.67683e+00
4.90000e+00 2.00319e+00 -6.62229e-01
5.00000e+00 1.93489e+00 -7.03589e-01
5.10000e+00 1.86218e+00 -7.52414e-01
5.20000e+00 1.78398e+00 -8.14157e-01
5.30000e+00 1.69869e+00 -8.95845e-01
5.40000e+00 1.60370e+00 -1.01133e+00
5.50000e+00 1.49428e+00 -1.19287e+00
5.60000e+00 1.35987e+00 -1.54035e+00
5.70000e+00 1.16505e+00 -2.61952e+00
5.80000e+00 1.42888e-01 -6.13211e+01
5.90000e+00 -1.97221e+00 6.81150e-01
6.00000e+00 -1.90199e+00 7.24785e-01
6.10000e+00 -1.82690e+00 7.78933e-01
6.20000e+00 -1.74568e+00 8.48714e-01
6.30000e+00 -1.65634e+00 9.43576e-01
6.40000e+00 -1.55550e+00 1.08345e+00
6.50000e+00 -1.43653e+00 1.32018e+00
6.60000e+00 -1.28235e+00 1.85208e+00
6.70000e+00 -1.00603e+00 4.78809e+00
6.80000e+00 2.00833e+00 -6.45142e-01
6.90000e+00 1.94039e+00 -7.00179e-01
7.00000e+00 1.86806e+00 -7.48186e-01
7.10000e+00 1.79034e+00 -8.08717e-01
7.20000e+00 1.70568e+00 -8.88470e-01
7.30000e+00 1.61158e+00 -1.00051e+00
7.40000e+00 1.50355e+00 -1.17479e+00
7.50000e+00 1.37179e+00 -1.50135e+00
7.60000e+00 1.18491e+00 -2.45468e+00
7.70000e+00 4.84589e-01 -3.05855e+01
7.80000e+00 -1.97754e+00 6.78077e-01
7.90000e+00 -1.90765e+00 7.21034e-01
8.00000e+00 -1.83299e+00 7.74210e-01
8.10000e+00 -1.75231e+00 8.42503e-01
8.20000e+00 -1.66370e+00 9.34883e-01
8.30000e+00 -1.56393e+00 1.07003e+00
8.40000e+00 -1.44678e+00 1.29554e+00
8.50000e+00 -1.29660e+00 1.78603e+00
8.60000e+00 -1.04093e+00 4.15185e+00
8.70000e+00 2.01299e+00 -4.86623e-01
8.80000e+00 1.94586e+00 -6.96821e-01
8.90000e+00 1.87390e+00 -7.44034e-01
9.00000e+00 1.79665e+00 -8.03392e-01
9.10000e+00 1.71261e+00 -8.81286e-01
9.20000e+00 1.61938e+00 -9.90050e-01
9.30000e+00 1.51269e+00 -1.15754e+00
9.40000e+00 1.38341e+00 -1.46518e+00
9.50000e+00 1.20359e+00 -2.31471e+00
9.60000e+00 6.68011e-01 -1.79286e+01
9.70000e+00 -1.98284e+00 6.75047e-01
9.80000e+00 -1.91329e+00 7.17346e-01
9.90000e+00 -1.83904e+00 7.69578e-01
1.00000e+01 -1.75889e+00 8.36436e-01
1.01000e+01 -1.67099e+00 9.26439e-01
1.02000e+01 -1.57227e+00 1.05712e+00
1.03000e+01 -1.45684e+00 1.27227e+00
1.04000e+01 -1.31036e+00 1.72636e+00
1.05000e+01 -1.07153e+00 3.67783e+00
1.06000e+01 2.01253e+00 1.23211e+00
1.07000e+01 1.95131e+00 -6.93515e-01
1.08000e+01 1.87972e+00 -7.39955e-01
1.09000e+01 1.80293e+00 -7.98179e-01
1.10000e+01 1.71949e+00 -8.74284e-01
1.11000e+01 1.62710e+00 -9.79932e-01
1.12000e+01 1.52170e+00 -1.14106e+00
1.13000e+01 1.39476e+00 -1.43152e+00
1.14000e+01 1.22124e+00 -2.19433e+00
1.15000e+01 7.82454e-01 -1.19446e+01
1.16000e+01 -1.98812e+00 6.72060e-01
1.17000e+01 -1.91889e+00 7.13717e-01
1.18000e+01 -1.84505e+00 7.65034e-01
1.19000e+01 -1.76542e+00 8.30507e-01
1.20000e+01 -1.67822e+00 9.18236e-01
1.21000e+01 -1.58050e+00 1.04469e+00
1.22000e+01 -1.46672e+00 1.25024e+00
1.23000e+01 -1.32368e+00 1.67217e+00
1.24000e+01 -1.09886e+00 3.31293e+00
1.25000e+01 1.95747e+00 1.89850e+01
1.26000e+01 1.95673e+00 -6.90259e-01
1.27000e+01 1.88550e+00 -7.35947e-01
1.28000e+01 1.80917e+00 -7.93072e-01
1.29000e+01 1.72632e+00 -8.67458e-01
1.30000e+01 1.63474e+00 -9.70136e-01
1.31000e+01 1.53058e+00 -1.12529e+00
1.32000e+01 1.40585e+00 -1.40010e+00
1.33000e+01 1.23802e+00 -2.08966e+00
1.34000e+01 8.62253e-01 -8.71935e+00
1.35000e+01 -1.99337e+00 6.69100e-01
1.36000e+01 -1.92447e+00 7.10148e-01
1.37000e+01 -1.85103e+00 7.60575e-01
1.38000e+01 -1.77191e+00 8.24711e-01
1.39000e+01 -1.68538e+00 9.10260e-01
1.40000e+01 -1.58864e+00 1.03271e+00
1.41000e+01 -1.47644e+00 1.22936e+00
1.42000e+01 -1.33659e+00 1.62269e+00
1.43000e+01 -1.12365e+00 3.02433e+00
1.44000e+01 1.49936e+00 1.12236e+02
1.45000e+01 1.96213e+00 -6.87052e-01
1.46000e+01 1.89125e+00 -7.32009e-01
1.47000e+01 1.81536e+00 -7.88070e-01
1.48000e+01 1.73309e+00 -8.60800e-01
1.49000e+01 1.64231e+00 -9.60646e-01
1.50000e+01 1.53934e+00 -1.11019e+00
1.51000e+01 1.41671e+00 -1.37070e+00
1.52000e+01 1.25403e+00 -1.99776e+00
1.53000e+01 9.22453e-01 -6.79454e+00
1.54000e+01 -1.99860e+00 6.66031e-01
1.55000e+01 -1.93003e+00 7.06634e-01
1.56000e+01 -1.85697e+00 7.56199e-01
1.57000e+01 -1.77835e+00 8.19043e-01
1.58000e+01 -1.69249e+00 9.02501e-01
1.59000e+01 -1.59669e+00 1.02116e+00
1.60000e+01 -1.48599e+00 1.20953e+00
1.61000e+01 -1.34912e+00 1.57731e+00
1.62000e+01 -1.14641e+00 2.79082e+00
1.63000e+01 4.61423e-01 1.18293e+02
1.64000e+01 1.96750e+00 -6.83892e-01
1.65000e+01 1.89698e+00 -7.28138e-01
1.66000e+01 1.82152e+00 -7.83167e-01
1.67000e+01 1.73981e+00 -8.54303e-01
1.68000e+01 1.64980e+00 -9.51445e-01
1.69000e+01 1.54798e+00 -1.09571e+00
1.70000e+01 1.42734e+00 -1.34310e+00
1.71000e+01 1.26936e+00 -1.91639e+00
1.72000e+01 9.70508e-01 -5.55247e+00
1.73000e+01 -2.00381e+00 6.61407e-01
1.74000e+01 -1.93555e+00 7.03177e-01
1.75000e+01 -1.86288e+00 7.51902e-01
1.76000e+01 -1.78474e+00 8.13498e-01
1.77000e+01 -1.69953e+00 8.94950e-01
1.78000e+01 -1.60465e+00 1.01001e+00
1.79000e+01 -1.49540e+00 1.19066e+00
1.80000e+01 -1.36132e+00 1.53551e+00
1.81000e+01 -1.16750e+00 2.59822e+00
1.82000e+01 -1.97967e-01 5.59585e+01
1.83000e+01 1.97285e+00 -6.80779e-01
1.84000e+01 1.90267e+00 -7.24331e-01
1.85000e+01 1.82764e+00 -7.78361e-01
1.86000e+01 1.74648e+00 -8.47961e-01
1.87000e+01 1.65722e+00 -9.42520e-01
1.88000e+01 1.55651e+00 -1.08181e+00
1.89000e+01 1.43777e+00 -1.31715e+00
1.90000e+01 1.28409e+00 -1.84378e+00
1.91000e+01 1.01049e+00 -4.70071e+00
1.92000e+01 -2.00893e+00 6.39604e-01
1.93000e+01 -1.94105e+00 6.99773e-01
1.94000e+01 -1.86876e+00 7.47684e-01
1.95000e+01 -1.79110e+00 8.08072e-01
1.96000e+01 -1.70651e+00 8.87598e-01
1.97000e+01 -1.61252e+00 9.99235e-01
1.98000e+01 -1.50466e+00 1.17268e+00
1.99000e+01 -1.37320e+00 1.49687e+00
2.00000e+01 -1.18721e+00 2.43670e+00
2.01000e+01 -5.12322e-01 2.84545e+01
2.02000e+01 1.97817e+00 -6.77711e-01
2.03000e+01 1.90833e+00 -7.20589e-01
2.04000e+01 1.83372e+00 -7.73649e-01
2.05000e+01 1.75310e+00 -8.41768e-01
2.06000e+01 1.66457e+00 -9.33857e-01
2.07000e+01 1.56494e+00 -1.06845e+00
2.08000e+01 1.44799e+00 -1.29268e+00
2.09000e+01 1.29828e+00 -1.77855e+00
2.10000e+01 1.04480e+00 -4.08773e+00
2.11000e+01 -2.01342e+00 4.29179e-01
2.12000e+01 -1.94652e+00 6.96422e-01
2.13000e+01 -1.87460e+00 7.43541e-01
2.14000e+01 -1.79741e+00 8.02761e-01
2.15000e+01 -1.71344e+00 8.80436e-01
2.16000e+01 -1.62031e+00 9.88819e-01
2.17000e+01 -1.51378e+00 1.15552e+00
2.18000e+01 -1.38479e+00 1.46101e+00
2.19000e+01 -1.20576e+00 2.29932e+00
2.20000e+01 -6.84410e-01 1.69750e+01
2.21000e+01 1.98347e+00 -6.74687e-01
2.22000e+01 1.91396e+00 -7.16907e-01
2.23000e+01 1.83976e+00 -7.69028e-01
2.24000e+01 1.75967e+00 -8.35717e-01
2.25000e+01 1.67186e+00 -9.25443e-01
2.26000e+01 1.57326e+00 -1.05560e+00
2.27000e+01 1.45803e+00 -1.26956e+00
2.28000e+01 1.31198e+00 -1.71959e+00
2.29000e+01 1.07496e+00 -3.62909e+00
2.30000e+01 -2.01109e+00 -1.85985e+00
2.31000e+01 -1.95196e+00 6.93122e-01
2.32000e+01 -1.88041e+00 7.39471e-01
2.33000e+01 -1.80368e+00 7.97560e-01
2.34000e+01 -1.72031e+00 8.73456e-01
2.35000e+01 -1.62802e+00 9.78740e-01
2.36000e+01 -1.52277e+00 1.13913e+00
2.37000e+01 -1.39610e+00 1.42763e+00
2.38000e+01 -1.22330e+00 2.18101e+00
2.39000e+01 -7.93449e-01 1.14537e+01
2.40000e+01 1.98875e+00 -6.71704e-01
2.41000e+01 1.91957e+00 -7.13286e-01
2.42000e+01 1.84577e+00 -7.64494e-01
2.43000e+01 1.76620e+00 -8.29805e-01
2.44000e+01 1.67908e+00 -9.17267e-01
2.45000e+01 1.58149e+00 -1.04323e+00
2.46000e+01 1.46789e+00 -1.24768e+00
2.47000e+01 1.32525e+00 -1.66600e+00
2.48000e+01 1.10196e+00 -3.27479e+00
2.49000e+01 -1.93695e+00 -2.48957e+01
2.50000e+01 -1.95738e+00 6.89872e-01
2.51000e+01 -1.88619e+00 7.35471e-01
2.52000e+01 -1.80991e+00 7.92467e-01
2.53000e+01 -1.72713e+00 8.66651e-01
2.54000e+01 -1.63565e+00 9.68982e-01
2.55000e+01 -1.53164e+00 1.12345e+00
2.56000e+01 -1.40717e+00 1.39647e+00
2.57000e+01 -1.23998e+00 2.07801e+00
2.58000e+01 -8.70315e-01 8.43671e+00
2.59000e+01 1.99400e+00 -6.68744e-01
2.60000e+01 1.92514e+00 -7.09723e-01
2.61000e+01 1.85175e+00 -7.60046e-01
2.62000e+01 1.77268e+00 -8.24024e-01
2.63000e+01 1.68624e+00 -9.09318e-01
2.64000e+01 1.58961e+00 -1.03131e+00
2.65000e+01 1.47759e+00 -1.22693e+00
2.66000e+01 1.33811e+00 -1.61704e+00
2.67000e+01 1.12648e+00 -2.99374e+00
2.68000e+01 -1.38792e+00 -1.24465e+02
2.69000e+01 -1.96278e+00 6.86671e-01
2.70000e+01 -1.89194e+00 7.31541e-01
2.71000e+01 -1.81610e+00 7.87476e-01
2.72000e+01 -1.73390e+00 8.60012e-01
2.73000e+01 -1.64321e+00 9.59527e-01
2.74000e+01 -1.54038e+00 1.10842e+00
2.75000e+01 -1.41800e+00 1.36729e+00
2.76000e+01 -1.25590e+00 1.98749e+00
2.77000e+01 -9.28756e-01 6.61723e+00
2.78000e+01 1.99923e+00 -6.65626e-01
2.79000e+01 1.93069e+00 -7.06217e-01
2.80000e+01 1.85768e+00 -7.55679e-01
2.81000e+01 1.77912e+00 -8.18371e-01
2.82000e+01 1.69333e+00 -9.01584e-01
2.83000e+01 1.59765e+00 -1.01980e+00
2.84000e+01 1.48713e+00 -1.20721e+00
2.85000e+01 1.35060e+00 -1.57212e+00
2.86000e+01 1.14902e+00 -2.76579e+00
2.87000e+01 -3.54371e-01 -1.09418e+02
2.88000e+01 -1.96815e+00 6.83516e-01
2.89000e+01 -1.89766e+00 7.27678e-01
2.90000e+01 -1.82225e+00 7.82586e-01
2.91000e+01 -1.74061e+00 8.53534e-01
2.92000e+01 -1.65069e+00 9.50360e-01
2.93000e+01 -1.54901e+00 1.09401e+00
2.94000e+01 -1.42860e+00 1.33991e+00
2.95000e+01 -1.27116e+00 1.90725e+00
2.96000e+01 -9.75671e-01 5.43358e+00
2.97000e+01 2.00443e+00 -6.60427e-01
2.98000e+01 1.93621e+00 -7.02766e-01
2.99000e+01 1.86359e+00 -7.51393e-01
3.00000e+01 1.78551e+00 -8.12841e-01
3.01000e+01 1.70037e+00 -8.94058e-01
3.02000e+01 1.60560e+00 -1.00870e+00
3.03000e+01 1.49651e+00 -1.18845e+00
3.04000e+01 1.36276e+00 -1.53072e+00
3.05000e+01 1.16993e+00 -2.57736e+00
3.06000e+01 2.48274e-01 -5.11583e+01
3.07000e+01 -1.97349e+00 6.80409e-01
3.08000e+01 -1.90335e+00 7.23879e-01
3.09000e+01 -1.82837e+00 7.77791e-01
3.10000e+01 -1.74728e+00 8.47211e-01
3.11000e+01 -1.65811e+00 9.41467e-01
3.12000e+01 -1.55753e+00 1.08018e+00
3.13000e+01 -1.43900e+00 1.31414e+00
3.14000e+01 -1.28582e+00 1.83559e+00
3.15000e+01 -1.01487e+00 4.61668e+00
3.16000e+01 2.00953e+00 -6.32339e-01
3.17000e+01 1.94170e+00 -6.99368e-01
3.18000e+01 1.86946e+00 -7.47183e-01
3.19000e+01 1.79186e+00 -8.07429e-01
3.20000e+01 1.70735e+00 -8.86729e-01
3.21000e+01 1.61346e+00 -9.97967e-01
3.22000e+01 1.50576e+00 -1.17058e+00
3.23000e+01 1.37460e+00 -1.49243e+00
3.24000e+01 1.18949e+00 -2.41906e+00
3.25000e+01 5.38154e-01 -2.65348e+01
3.26000e+01 -1.97881e+00 6.77346e-01
3.27000e+01 -1.90901e+00 7.20144e-01
3.28000e+01 -1.83444e+00 7.73090e-01
3.29000e+01 -1.75389e+00 8.41035e-01
3.30000e+01 -1.66545e+00 9.32835e-01
3.31000e+01 -1.56594e+00 1.06689e+00
3.32000e+01 -1.44921e+00 1.28984e+00
3.33000e+01 -1.29995e+00 1.77117e+00
3.34000e+01 -1.04862e+00 4.02579e+00
3.35000e+01 2.01379e+00 -3.52664e-01
3.36000e+01 1.94717e+00 -6.96024e-01
3.37000e+01 1.87530e+00 -7.43049e-01
3.38000e+01 1.79816e+00 -8.02131e-01
3.39000e+01 1.71427e+00 -8.79589e-01
3.40000e+01 1.62124e+00 -9.87592e-01
3.41000e+01 1.51486e+00 -1.15352e+00
3.42000e+01 1.38616e+00 -1.45688e+00
3.43000e+01 1.20791e+00 -2.28420e+00
3.44000e+01 6.99951e-01 -1.61004e+01
3.45000e+01 -1.98411e+00 6.74327e-01
3.46000e+01 -1.91464e+00 7.16470e-01
3.47000e+01 -1.84049e+00 7.68480e-01
3.48000e+01 -1.76046e+00 8.35001e-01
3.49000e+01 -1.67273e+00 9.24450e-01
3.50000e+01 -1.57425e+00 1.05409e+00
3.51000e+01 -1.45922e+00 1.26687e+00
3.52000e+01 -1.31360e+00 1.71289e+00
3.53000e+01 -1.07835e+00 3.58183e+00
3.54000e+01 2.00896e+00 2.69393e+00
3.55000e+01 1.95261e+00 -6.92729e-01
3.56000e+01 1.88111e+00 -7.38987e-01
3.57000e+01 1.80443e+00 -7.96944e-01
3.58000e+01 1.72113e+00 -8.72631e-01
3.59000e+01 1.62894e+00 -9.77553e-01
3.60000e+01 1.52384e+00 -1.13721e+00
3.61000e+01 1.39744e+00 -1.42378e+00
3.62000e+01 1.22535e+00 -2.16791e+00
3.63000e+01 8.03999e-01 -1.09966e+01
3.64000e+01 -1.98938e+00 6.71348e-01
3.65000e+01 -1.92024e+00 7.12856e-01
3.66000e+01 -1.84649e+00 7.63956e-01
3.67000e+01 -1.76698e+00 8.29104e-01
3.68000e+01 -1.67994e+00 9.16302e-01
3.69000e+01 -1.58247e+00 1.04178e+00
3.70000e+01 -1.46907e+00 1.24513e+00
3.71000e+01 -1.32681e+00 1.65989e+00
3.72000e+01 -1.10502e+00 3.23769e+00
3.73000e+01 1.91019e+00 3.23022e+01
3.74000e+01 1.95803e+00 -6.89486e-01
3.75000e+01 1.88688e+00 -7.34996e-01
3.76000e+01 1.81066e+00 -7.91863e-01
3.77000e+01 1.72795e+00 -8.65846e-01
3.78000e+01 1.63657e+00 -9.67832e-01
3.79000e+01 1.53269e+00 -1.12161e+00
3.80000e+01 1.40848e+00 -1.39287e+00
3.81000e+01 1.24193e+00 -2.06654e+00
3.82000e+01 8.78120e-01 -8.17054e+00
3.83000e+01 -1.99463e+00 6.68387e-01
3.84000e+01 -1.92581e+00 7.09299e-01
3.85000e+01 -1.85246e+00 7.59517e-01
3.86000e+01 -1.77345e+00 8.23339e-01
3.87000e+01 -1.68709e+00 9.08379e-01
3.88000e+01 -1.59058e+00 1.02990e+00
3.89000e+01 -1.47874e+00 1.22451e+00
3.90000e+01 -1.33963e+00 1.61145e+00
3.91000e+01 -1.12928e+00 2.96391e+00
3.92000e+01 1.26623e+00 1.33866e+02
3.93000e+01 1.96342e+00 -6.86289e-01
3.94000e+01 1.89263e+00 -7.31074e-01
3.95000e+01 1.81684e+00 -7.86885e-01
3.96000e+01 1.73471e+00 -8.59227e-01
3.97000e+01 1.64411e+00 -9.58412e-01
3.98000e+01 1.54142e+00 -1.10666e+00
3.99000e+01 1.41928e+00 -1.36392e+00
4.00000e+01 1.25777e+00 -1.97736e+00
4.01000e+01 9.34897e-01 -6.44876e+00
4.02000e+01 -1.99986e+00 6.65201e-01
4.03000e+01 -1.93135e+00 7.05800e-01
4.04000e+01 -1.85839e+00 7.55161e-01
4.05000e+01 -1.77989e+00 8.17701e-01
4.06000e+01 -1.69418e+00 9.00671e-01
4.07000e+01 -1.59861e+00 1.01845e+00
4.08000e+01 -1.48826e+00 1.20491e+00
4.09000e+01 -1.35208e+00 1.56697e+00
4.10000e+01 -1.15161e+00 2.74131e+00
4.11000e+01 2.55711e-01 1.00506e+02
4.12000e+01 1.96879e+00 -6.83141e-01
4.13000e+01 1.89834e+00 -7.27219e-01
4.14000e+01 1.82299e+00 -7.82006e-01
4.15000e+01 1.74141e+00 -8.52768e-01
4.16000e+01 1.65159e+00 -9.49279e-01
4.17000e+01 1.55004e+00 -1.09233e+00
4.18000e+01 1.42986e+00 -1.33673e+00
4.19000e+01 1.27295e+00 -1.89823e+00
4.20000e+01 9.80725e-01 -5.31982e+00
4.21000e+01 -2.00505e+00 6.59237e-01
4.22000e+01 -1.93687e+00 7.02355e-01
4.23000e+01 -1.86430e+00 7.50883e-01
4.24000e+01 -1.78627e+00 8.12186e-01
4.25000e+01 -1.70121e+00 8.93169e-01
4.26000e+01 -1.60655e+00 1.00739e+00
4.27000e+01 -1.49763e+00 1.18626e+00
4.28000e+01 -1.36420e+00 1.52597e+00
4.29000e+01 -1.17235e+00 2.55693e+00
4.30000e+01 -2.94312e-01 4.68686e+01
4.31000e+01 1.97413e+00 -6.80038e-01
4.32000e+01 1.90403e+00 -7.23428e-01
4.33000e+01 1.82910e+00 -7.77223e-01
4.34000e+01 1.74807e+00 -8.46462e-01
4.35000e+01 1.65899e+00 -9.40418e-01
4.36000e+01 1.55854e+00 -1.07856e+00
4.37000e+01 1.44024e+00 -1.31115e+00
4.38000e+01 1.28754e+00 -1.82751e+00
4.39000e+01 1.01917e+00 -4.53584e+00
4.40000e+01 -2.01012e+00 6.22773e-01
4.41000e+01 -1.94236e+00 6.98964e-01
4.42000e+01 -1.87016e+00 7.46683e-01
4.43000e+01 -1.79262e+00 8.06788e-01
4.44000e+01 -1.70818e+00 8.85863e-01
4.45000e+01 -1.61440e+00 9.96705e-01
4.46000e+01 -1.50686e+00 1.16849e+00
4.47000e+01 -1.37600e+00 1.48802e+00
4.48000e+01 -1.19176e+00 2.40176e+00
4.49000e+01 -5.62270e-01 2.48016e+01
4.50000e+01 1.97945e+00 -6.76981e-01
4.51000e+01 1.90968e+00 -7.19700e-01
4.52000e+01 1.83517e+00 -7.72533e-01
4.53000e+01 1.75468e+00 -8.40304e-01
4.54000e+01 1.66633e+00 -9.31816e-01
4.55000e+01 1.56694e+00 -1.06533e+00
4.56000e+01 1.45042e+00 -1.28702e+00
4.57000e+01 1.30161e+00 -1.76387e+00
4.58000e+01 1.05237e+00 -3.96593e+00
4.59000e+01 -2.01407e+00 2.50707e-01
4.60000e+01 -1.94783e+00 6.95626e-01
4.61000e+01 -1.87600e+00 7.42558e-01
4.62000e+01 -1.79892e+00 8.01503e-01
4.63000e+01 -1.71510e+00 8.78745e-01
4.64000e+01 -1.62217e+00 9.86371e-01
4.65000e+01 -1.51595e+00 1.15152e+00
4.66000e+01 -1.38753e+00 1.45279e+00
4.67000e+01 -1.21005e+00 2.26936e+00
4.68000e+01 -7.14703e-01 1.52968e+01
4.69000e+01 1.98474e+00 -6.73968e-01
4.70000e+01 1.91531e+00 -7.16033e-01
4.71000e+01 1.84121e+00 -7.67932e-01
4.72000e+01 1.76124e+00 -8.34287e-01
4.73000e+01 1.67360e+00 -9.23460e-01
4.74000e+01 1.57524e+00 -1.05259e+00
4.75000e+01 1.46041e+00 -1.26420e+00
4.76000e+01 1.31520e+00 -1.70627e+00
4.77000e+01 1.08170e+00 -3.53598e+00
4.78000e+01 -2.00594e+00 -3.80013e+00
4.79000e+01 -1.95327e+00 6.92338e-01
4.80000e+01 -1.88180e+00 7.38505e-01
4.81000e+01 -1.80518e+00 7.96329e-01
4.82000e+01 -1.72195e+00 8.71808e-01
4.83000e+01 -1.62986e+00 9.76370e-01
4.84000e+01 -1.52491e+00 1.13530e+00
4.85000e+01 -1.39878e+00 1.41997e+00
4.86000e+01 -1.22738e+00 2.15502e+00
4.87000e+01 -8.14134e-01 1.05705e+01
4.88000e+01 1.99001e+00 -6.70993e-01
4.89000e+01 1.92091e+00 -7.12426e-01
4.90000e+01 1.84721e+00 -7.63419e-01
4.91000e+01 1.76776e+00 -8.28406e-01
4.92000e+01 1.68080e+00 -9.15340e-01
4.93000e+01 1.58344e+00 -1.04033e+00
4.94000e+01 1.47024e+00 -1.24260e+00
4.95000e+01 1.32837e+00 -1.65386e+00
4.96000e+01 1.10804e+00 -3.20158e+00
4.97000e+01 -1.87569e+00 -4.13934e+01
4.98000e+01 -1.95868e+00 6.89100e-01
4.99000e+01 -1.88758e+00 7.34522e-01
5.00000e+01 -1.81140e+00 7.91260e-01
5.01000e+01 -1.72876e+00 8.65043e-01
5.02000e+01 -1.63747e+00 9.66686e-01
5.03000e+01 -1.53374e+00 1.11978e+00
5.04000e+01 -1.40979e+00 1.38930e+00
5.05000e+01 -1.24387e+00 2.05525e+00
5.06000e+01 -8.85682e-01 7.91957e+00
5.07000e+01 1.99526e+00 -6.68027e-01
5.08000e+01 1.92648e+00 -7.08877e-01
5.09000e+01 1.85317e+00 -7.58991e-01
5.10000e+01 1.77423e+00 -8.22657e-01
5.11000e+01 1.68795e+00 -9.07443e-01
5.12000e+01 1.59155e+00 -1.02851e+00
5.13000e+01 1.47989e+00 -1.22211e+00
5.14000e+01 1.34114e+00 -1.60592e+00
5.15000e+01 1.13205e+00 -2.93481e+00
5.16000e+01 -1.13734e+00 -1.39724e+02
5.17000e+01 -1.96407e+00 6.85909e-01
5.18000e+01 -1.89332e+00 7.30608e-01
5.19000e+01 -1.81758e+00 7.86294e-01
5.20000e+01 -1.73551e+00 8.58444e-01
5.21000e+01 -1.64501e+00 9.57302e-01
5.22000e+01 -1.54246e+00 1.10491e+00
5.23000e+01 -1.42056e+00 1.36057e+00
5.24000e+01 -1.25962e+00 1.96737e+00
5.25000e+01 -9.40883e-01 6.28854e+00
5.26000e+01 2.00048e+00 -6.64751e-01
5.27000e+01 1.93202e+00 -7.05384e-01
5.28000e+01 1.85910e+00 -7.54644e-01
5.29000e+01 1.78065e+00 -8.17033e-01
5.30000e+01 1.69503e+00 -8.99760e-01
5.31000e+01 1.59957e+00 -1.01710e+00
5.32000e+01 1.48939e+00 -1.20263e+00
5.33000e+01 1.35355e+00 -1.56188e+00
5.34000e+01 1.15417e+00 -2.71739e+00
5.35000e+01 -1.65310e-01 -9.18927e+01
5.36000e+01 -1.96943e+00 6.82767e-01
5.37000e+01 -1.89903e+00 7.26760e-01
5.38000e+01 -1.82372e+00 7.81427e-01
5.39000e+01 -1.74222e+00 8.52003e-01
5.40000e+01 -1.65248e+00 9.48202e-01
5.41000e+01 -1.55106e+00 1.09064e+00
5.42000e+01 -1.43112e+00 1.33358e+00
5.43000e+01 -1.27473e+00 1.88933e+00
5.44000e+01 -9.85675e-01 5.21091e+00
5.45000e+01 2.00567e+00 -6.57767e-01
5.46000e+01 1.93753e+00 -7.01946e-01
5.47000e+01 1.86500e+00 -7.50376e-01
5.48000e+01 1.78703e+00 -8.11532e-01
5.49000e+01 1.70205e+00 -8.92282e-01
5.50000e+01 1.60749e+00 -1.00609e+00
5.51000e+01 1.49875e+00 -1.18409e+00
5.52000e+01 1.36563e+00 -1.52126e+00
5.53000e+01 1.17474e+00 -2.53692e+00
5.54000e+01 3.36537e-01 -4.30371e+01
5.55000e+01 -1.97477e+00 6.79670e-01
5.56000e+01 -1.90471e+00 7.22977e-01
5.57000e+01 -1.82983e+00 7.76655e-01
5.58000e+01 -1.74887e+00 8.45716e-01
5.59000e+01 -1.65988e+00 9.39373e-01
5.60000e+01 -1.55956e+00 1.07694e+00
5.61000e+01 -1.44147e+00 1.30818e+00
5.62000e+01 -1.28926e+00 1.81952e+00
5.63000e+01 -1.02340e+00 4.45802e+00
5.64000e+01 2.01070e+00 -6.10137e-01
5.65000e+01 1.94302e+00 -6.98561e-01
5.66000e+01 1.87087e+00 -7.46185e-01
5.67000e+01 1.79337e+00 -8.06148e-01
5.68000e+01 1.70901e+00 -8.84999e-01
5.69000e+01 1.61534e+00 -9.95447e-01
5.70000e+01 1.50795e+00 -1.16641e+00
5.71000e+01 1.37740e+00 -1.48366e+00
5.72000e+01 1.19401e+00 -2.38478e+00
5.73000e+01 5.84836e-01 -2.32335e+01
5.74000e+01 -1.98008e+00 6.76617e-01
5.75000e+01 -1.91036e+00 7.19257e-01
5.76000e+01 -1.83590e+00 7.71976e-01
5.77000e+01 -1.75547e+00 8.39574e-01
5.78000e+01 -1.66720e+00 9.30801e-01
5.79000e+01 -1.56795e+00 1.06377e+00
5.80000e+01 -1.45163e+00 1.28421e+00
5.81000e+01 -1.30327e+00 1.75666e+00
5.82000e+01 -1.05607e+00 3.90805e+00
5.83000e+01 2.01425e+00 -1.14813e-01
5.84000e+01 1.94848e+00 -6.95229e-01
5.85000e+01 1.87670e+00 -7.42068e-01
5.86000e+01 1.79967e+00 -8.00877e-01
5.87000e+01 1.71592e+00 -8.77904e-01
5.88000e+01 1.62310e+00 -9.85154e-01
5.89000e+01 1.51703e+00 -1.14954e+00
5.90000e+01 1.38889e+00 -1.44873e+00
5.91000e+01 1.21218e+00 -2.25477e+00
5.92000e+01 7.28731e-01 -1.45568e+01
5.93000e+01 -1.98537e+00 6.73609e-01
5.94000e+01 -1.91598e+00 7.15597e-01
5.95000e+01 -1.84193e+00 7.67387e-01
5.96000e+01 -1.76203e+00 8.33574e-01
5.97000e+01 -1.67447e+00 9.22474e-01
5.98000e+01 -1.57623e+00 1.05110e+00
5.99000e+01 -1.46160e+00 1.26155e+00
6.00000e+01 -1.31681e+00 1.69973e+00
6.01000e+01 -1.08500e+00 3.49149e+00
6.02000e+01 2.00171e+00 5.26351e+00
6.03000e+01 1.95392e+00 -6.91947e-01
6.04000e+01 1.88250e+00 -7.38023e-01
6.05000e+01 1.80593e+00 -7.95715e-01
6.06000e+01 1.72277e+00 -8.70987e-01
6.07000e+01 1.63078e+00 -9.75192e-01
6.08000e+01 1.52597e+00 -1.13341e+00
6.09000e+01 1.40011e+00 -1.41618e+00
6.10000e+01 1.22940e+00 -2.14234e+00
6.11000e+01 8.23882e-01 -1.01726e+01
6.12000e+01 -1.99064e+00 6.70639e-01
6.13000e+01 -1.92158e+00 7.11997e-01
6.14000e+01 -1.84793e+00 7.62884e-01
6.15000e+01 -1.76854e+00 8.27710e-01
6.16000e+01 -1.68166e+00 9.14381e-01
6.17000e+01 -1.58442e+00 1.03889e+00
6.18000e+01 -1.47140e+00 1.24009e+00
6.19000e+01 -1.32992e+00 1.64788e+00
6.20000e+01 -1.11104e+00 3.16644e+00
6.21000e+01 1.83181e+00 5.22597e+01
6.22000e+01 1.95933e+00 -6.88714e-01
6.23000e+01 1.88827e+00 -7.34049e-01
6.24000e+01 1.81214e+00 -7.90659e-01
6.25000e+01 1.72957e+00 -8.64243e-01
6.26000e+01 1.63838e+00 -9.65545e-01
6.27000e+01 1.53480e+00 -1.11797e+00
6.28000e+01 1.41109e+00 -1.38575e+00
6.29000e+01 1.24579e+00 -2.04412e+00
6.30000e+01 8.93014e-01 -7.68268e+00
6.31000e+01 -1.99589e+00 6.67666e-01
6.32000e+01 -1.92714e+00 7.08455e-01
6.33000e+01 -1.85389e+00 7.58465e-01
6.34000e+01 -1.77500e+00 8.21976e-01
6.35000e+01 -1.68880e+00 9.06510e-01
6.36000e+01 -1.59252e+00 1.02712e+00
6.37000e+01 -1.48104e+00 1.21972e+00
6.38000e+01 -1.34265e+00 1.60044e+00
6.39000e+01 -1.13480e+00 2.90641e+00
6.40000e+01 1.00473e+00 1.41795e+02
6.41000e+01 1.96471e+00 -6.85530e-01
6.42000e+01 1.89400e+00 -7.30143e-01
6.43000e+01 1.81832e+00 -7.85705e-01
6.44000e+01 1.73632e+00 -8.57663e-01
6.45000e+01 1.64591e+00 -9.56196e-01
6.46000e+01 1.54350e+00 -1.10317e+00
6.47000e+01 1.42184e+00 -1.35724e+00
6.48000e+01 1.26147e+00 -1.95753e+00
6.49000e+01 9.46723e-01 -6.13603e+00
6.50000e+01 -2.00110e+00 6.64267e-01
6.51000e+01 -1.93268e+00 7.04969e-01
6.52000e+01 -1.85981e+00 7.54127e-01
6.53000e+01 -1.78142e+00 8.16367e-01
6.54000e+01 -1.69587e+00 8.98853e-01
6.55000e+01 -1.60052e+00 1.01576e+00
6.56000e+01 -1.49052e+00 1.20036e+00
6.57000e+01 -1.35501e+00 1.55684e+00
6.58000e+01 -1.15672e+00 2.69399e+00
6.59000e+01 8.27813e-02 8.37831e+01
6.60000e+01 1.97007e+00 -6.82393e-01
6.61000e+01 1.89971e+00 -7.26303e-01
6.62000e+01 1.82446e+00 -7.80849e-01
6.63000e+01 1.74302e+00 -8.51241e-01
6.64000e+01 1.65337e+00 -9.47129e-01
6.65000e+01 1.55209e+00 -1.08897e+00
6.66000e+01 1.43237e+00 -1.33046e+00
6.67000e+01 1.27650e+00 -1.88055e+00
6.68000e+01 9.90524e-01 -5.10654e+00
6.69000e+01 -2.00629e+00 6.55923e-01
6.70000e+01 -1.93819e+00 7.01537e-01
6.71000e+01 -1.86571e+00 7.49869e-01
6.72000e+01 -1.78780e+00 8.10880e-01
6.73000e+01 -1.70289e+00 8.91398e-01
6.74000e+01 -1.60844e+00 1.00479e+00
6.75000e+01 -1.49986e+00 1.18192e+00
6.76000e+01 -1.36706e+00 1.51660e+00
6.77000e+01 -1.17712e+00 2.51732e+00
6.78000e+01 -3.75356e-01 3.96141e+01
6.79000e+01 1.97541e+00 -6.79301e-01
6.80000e+01 1.90539e+00 -7.22528e-01
6.81000e+01 1.83056e+00 -7.76089e-01
6.82000e+01 1.74966e+00 -8.44971e-01
6.83000e+01 1.66076e+00 -9.38331e-01
6.84000e+01 1.56057e+00 -1.07534e+00
6.85000e+01 1.44270e+00 -1.30523e+00
6.86000e+01 1.29096e+00 -1.81164e+00
6.87000e+01 1.02755e+00 -4.38306e+00
6.88000e+01 -2.01127e+00 5.93406e-01
6.89000e+01 -1.94368e+00 6.98159e-01
6.90000e+01 -1.87157e+00 7.45687e-01
6.91000e+01 -1.79413e+00 8.05510e-01
6.92000e+01 -1.70984e+00 8.84139e-01
6.93000e+01 -1.61627e+00 9.94194e-01
6.94000e+01 -1.50905e+00 1.16435e+00
6.95000e+01 -1.37879e+00 1.47934e+00
6.96000e+01 -1.19624e+00 2.36812e+00
6.97000e+01 -6.05998e-01 2.18116e+01
6.98000e+01 1.98072e+00 -6.76254e-01
6.99000e+01 1.91103e+00 -7.18815e-01
7.00000e+01 1.83662e+00 -7.71421e-01
7.01000e+01 1.75626e+00 -8.38847e-01
7.02000e+01 1.66808e+00 -9.29789e-01
7.03000e+01 1.56894e+00 -1.06223e+00
7.04000e+01 1.45283e+00 -1.28143e+00
7.05000e+01 1.30491e+00 -1.74954e+00
7.06000e+01 1.05972e+00 -3.85206e+00
7.07000e+01 -2.01428e+00 -6.63306e-02
7.08000e+01 -1.94913e+00 6.94832e-01
7.09000e+01 -1.87740e+00 7.41579e-01
7.10000e+01 -1.80042e+00 8.00252e-01
7.11000e+01 -1.71675e+00 8.77065e-01
7.12000e+01 -1.62402e+00 9.83942e-01
7.13000e+01 -1.51811e+00 1.14756e+00
7.14000e+01 -1.39025e+00 1.44470e+00
7.15000e+01 -1.21429e+00 2.24043e+00
7.16000e+01 -7.42090e-01 1.38743e+01
7.17000e+01 1.98601e+00 -6.73251e-01
7.18000e+01 1.91665e+00 -7.15162e-01
7.19000e+01 1.84265e+00 -7.66842e-01
7.20000e+01 1.76281e+00 -8.32864e-01
7.21000e+01 1.67533e+00 -9.21491e-01
7.22000e+01 1.57722e+00 -1.04961e+00
7.23000e+01 1.46279e+00 -1.25892e+00
7.24000e+01 1.31840e+00 -1.69325e+00
7.25000e+01 1.08826e+00 -3.44831e+00
7.26000e+01 -1.99589e+00 -7.19266e+00
7.27000e+01 -1.95457e+00 6.91557e-01
7.28000e+01 -1.88319e+00 7.37543e-01
7.29000e+01 -1.80667e+00 7.95103e-01
7.30000e+01 -1.72359e+00 8.70169e-01
7.31000e+01 -1.63169e+00 9.74019e-01
7.32000e+01 -1.52704e+00 1.13152e+00
7.33000e+01 -1.40144e+00 1.41242e+00
7.34000e+01 -1.23140e+00 2.12987e+00
7.35000e+01 -8.33268e-01 9.80049e+00
7.36000e+01 1.99127e+00 -6.70284e-01
7.37000e+01 1.92224e+00 -7.11569e-01
7.38000e+01 1.84864e+00 -7.62349e-01
7.39000e+01 1.76932e+00 -8.27015e-01
7.40000e+01 1.68252e+00 -9.13425e-01
7.41000e+01 1.58540e+00 -1.03745e+00
7.42000e+01 1.47257e+00 -1.23759e+00
7.43000e+01 1.33147e+00 -1.64197e+00
7.44000e+01 1.11400e+00 -3.13223e+00
7.45000e+01 -1.77690e+00 -6.48161e+01
7.46000e+01 -1.95997e+00 6.88330e-01
7.47000e+01 -1.88896e+00 7.33577e-01
7.48000e+01 -1.81289e+00 7.90060e-01
7.49000e+01 -1.73039e+00 8.63445e-01
7.50000e+01 -1.63929e+00 9.64408e-01
7.51000e+01 -1.53585e+00 1.11616e+00
7.52000e+01 -1.41239e+00 1.38224e+00
7.53000e+01 -1.24771e+00 2.03317e+00
7.54000e+01 -9.00131e-01 7.45881e+00
7.55000e+01 1.99651e+00 -6.67300e-01
7.56000e+01 1.92781e+00 -7.08034e-01
7.57000e+01 1.85460e+00 -7.57940e-01
7.58000e+01 1.77577e+00 -8.21296e-01
7.59000e+01 1.68965e+00 -9.05581e-01
7.60000e+01 1.59348e+00 -1.02573e+00
7.61000e+01 1.48219e+00 -1.21734e+00
7.62000e+01 1.34415e+00 -1.59502e+00
7.63000e+01 1.13752e+00 -2.87870e+00
7.64000e+01 -8.71864e-01 -1.40313e+02
7.65000e+01 -1.96536e+00 6.85151e-01
7.66000e+01 -1.89469e+00 7.29679e-01
7.67000e+01 -1.81906e+00 7.85118e-01
7.68000e+01 -1.73713e+00 8.56884e-01
7.69000e+01 -1.64681e+00 9.55093e-01
7.70000e+01 -1.54454e+00 1.10144e+00
7.71000e+01 -1.42311e+00 1.35394e+00
7.72000e+01 -1.26330e+00 1.94782e+00
7.73000e+01 -9.52422e-01 5.99073e+00
7.74000e+01 2.00173e+00 -6.63738e-01
7.75000e+01 1.93334e+00 -7.04554e-01
7.76000e+01 1.86052e+00 -7.53613e-01
7.77000e+01 1.78219e+00 -8.15703e-01
7.78000e+01 1.69672e+00 -8.97948e-01
7.79000e+01 1.60148e+00 -1.01443e+00
7.80000e+01 1.49165e+00 -1.19810e+00
7.81000e+01 1.35648e+00 -1.55184e+00
7.82000e+01 1.15924e+00 -2.67110e+00
7.83000e+01 -7.59211e-03 -7.62873e+01
7.84000e+01 -1.97071e+00 6.82019e-01
7.85000e+01 -1.90039e+00 7.25847e-01
7.86000e+01 -1.82519e+00 7.80274e-01
7.87000e+01 -1.74382e+00 8.50481e-01
7.88000e+01 -1.65426e+00 9.46060e-01
7.89000e+01 -1.55311e+00 1.08731e+00
7.90000e+01 -1.43362e+00 1.32735e+00
7.91000e+01 -1.27826e+00 1.87189e+00
7.92000e+01 -9.95277e-01 5.00648e+00
7.93000e+01 2.00690e+00 -6.53583e-01
7.94000e+01 1.93885e+00 -7.01129e-01
7.95000e+01 1.86641e+00 -7.49363e-01
7.96000e+01 1.78856e+00 -8.10230e-01
7.97000e+01 1.70372e+00 -8.90517e-01
7.98000e+01 1.60938e+00 -1.00350e+00
7.99000e+01 1.50097e+00 -1.17977e+00
8.00000e+01 1.36848e+00 -1.51198e+00
8.01000e+01 1.17947e+00 -2.49811e+00
8.02000e+01 4.11131e-01 -3.65532e+01
8.03000e+01 -1.97605e+00 6.78933e-01
8.04000e+01 -1.90607e+00 7.22079e-01
8.05000e+01 -1.83129e+00 7.75524e-01
8.06000e+01 -1.75046e+00 8.44229e-01
8.07000e+01 -1.66164e+00 9.37293e-01
8.08000e+01 -1.56158e+00 1.07374e+00
8.09000e+01 -1.44392e+00 1.30230e+00
8.10000e+01 -1.29266e+00 1.80385e+00
8.11000e+01 -1.03164e+00 4.31082e+00
8.12000e+01 2.01181e+00 -5.71215e-01
8.13000e+01 1.94433e+00 -6.97757e-01
8.14000e+01 1.87227e+00 -7.45190e-01
8.15000e+01 1.79489e+00 -8.04873e-01
8.16000e+01 1.71068e+00 -8.83280e-01
8.17000e+01 1.61721e+00 -9.92946e-01
8.18000e+01 1.51014e+00 -1.16229e+00
8.19000e+01 1.38018e+00 -1.47505e+00
8.20000e+01 1.19846e+00 -2.35176e+00
8.21000e+01 6.25886e-01 -2.05195e+01
8.22000e+01 -1.98135e+00 6.75892e-01
8.23000e+01 -1.91171e+00 7.18373e-01
8.24000e+01 -1.83735e+00 7.70867e-01
8.25000e+01 -1.75705e+00 8.38122e-01
8.26000e+01 -1.66895e+00 9.28781e-01
8.27000e+01 -1.56994e+00 1.06069e+00
8.28000e+01 -1.45404e+00 1.27866e+00
8.29000e+01 -1.30655e+00 1.74250e+00
8.30000e+01 -1.06332e+00 3.79787e+00
8.31000e+01 2.01410e+00 3.07780e-01
8.32000e+01 1.94979e+00 -6.94437e-01
8.33000e+01 1.87809e+00 -7.41091e-01
8.34000e+01 1.80118e+00 -7.99629e-01
8.35000e+01 1.71757e+00 -8.76228e-01
8.36000e+01 1.62495e+00 -9.82735e-01
8.37000e+01 1.51919e+00 -1.14560e+00
8.38000e+01 1.39161e+00 -1.44071e+00
8.39000e+01 1.21639e+00 -2.22633e+00
8.40000e+01 7.54833e-01 -1.32435e+01
8.41000e+01 -1.98664e+00 6.72893e-01
8.42000e+01 -1.91733e+00 7.14728e-01
8.43000e+01 -1.84337e+00 7.66299e-01
8.44000e+01 -1.76359e+00 8.32155e-01
8.45000e+01 -1.67620e+00 9.20511e-01
8.46000e+01 -1.57821e+00 1.04813e+00
8.47000e+01 -1.46397e+00 1.25630e+00
8.48000e+01 -1.31999e+00 1.68685e+00
8.49000e+01 -1.09148e+00 3.40636e+00
8.50000e+01 1.98800e+00 9.72403e+00
8.51000e+01 1.95522e+00 -6.91167e-01
8.52000e+01 1.88388e+00 -7.37064e-01
8.53000e+01 1.80742e+00 -7.94493e-01
8.54000e+01 1.72441e+00 -8.69354e-01
8.55000e+01 1.63261e+00 -9.72850e-01
8.56000e+01 1.52810e+00 -1.12964e+00
8.57000e+01 1.40277e+00 -1.40869e+00
8.58000e+01 1.23340e+00 -2.11759e+00
8.59000e+01 8.42316e-01 -9.45202e+00
8.60000e+01 -1.99190e+00 6.69929e-01
8.61000e+01 -1.92291e+00 7.11142e-01
8.62000e+01 -1.84936e+00 7.61816e-01
8.63000e+01 -1.77009e+00 8.26322e-01
8.64000e+01 -1.68338e+00 9.12472e-01
8.65000e+01 -1.58637e+00 1.03603e+00
8.66000e+01 -1.47373e+00 1.23510e+00
8.67000e+01 -1.33301e+00 1.63612e+00
8.68000e+01 -1.11693e+00 3.09891e+00
8.69000e+01 1.70952e+00 7.87207e+01
8.70000e+01 1.96062e+00 -6.87946e-01
8.71000e+01 1.88964e+00 -7.33106e-01
8.72000e+01 1.81363e+00 -7.89462e-01
8.73000e+01 1.73120e+00 -8.62650e-01
8.74000e+01 1.64020e+00 -9.63276e-01
8.75000e+01 1.53689e+00 -1.11436e+00
8.76000e+01 1.41369e+00 -1.37875e+00
8.77000e+01 1.24962e+00 -2.02237e+00
8.78000e+01 9.07042e-01 -7.24702e+00
8.79000e+01 -1.99714e+00 6.66929e-01
8.80000e+01 -1.92847e+00 7.07613e-01
8.81000e+01 -1.85531e+00 7.57417e-01
8.82000e+01 -1.77655e+00 8.20618e-01
8.83000e+01 -1.69050e+00 9.04654e-01
8.84000e+01 -1.59445e+00 1.02436e+00
8.85000e+01 -1.48333e+00 1.21498e+00
8.86000e+01 -1.34564e+00 1.58965e+00
8.87000e+01 -1.14021e+00 2.85163e+00
8.88000e+01 7.41844e-01 1.35870e+02
8.89000e+01 1.96600e+00 -6.84773e-01
8.90000e+01 1.89537e+00 -7.29216e-01
8.91000e+01 1.81980e+00 -7.84531e-01
8.92000e+01 1.73793e+00 -8.56108e-01
8.93000e+01 1.64771e+00 -9.53995e-01
8.94000e+01 1.54557e+00 -1.09971e+00
8.95000e+01 1.42439e+00 -1.35066e+00
8.96000e+01 1.26513e+00 -1.93825e+00
8.97000e+01 9.57988e-01 -5.85218e+00
8.98000e+01 -2.00235e+00 6.63148e-01
8.99000e+01 -1.93400e+00 7.04140e-01
9.00000e+01 -1.86123e+00 7.53098e-01
9.01000e+01 -1.78295e+00 8.15040e-01
9.02000e+01 -1.69756e+00 8.97046e-01
9.03000e+01 -1.60243e+00 1.01310e+00
9.04000e+01 -1.49278e+00 1.19585e+00
9.05000e+01 -1.35793e+00 1.54689e+00
9.06000e+01 -1.16174e+00 2.64870e+00
9.07000e+01 -6.08566e-02 6.94474e+01
9.08000e+01 1.97135e+00 -6.81647e-01
9.09000e+01 1.90107e+00 -7.25392e-01
9.10000e+01 1.82593e+00 -7.79699e-01
9.11000e+01 1.74462e+00 -8.49723e-01
9.12000e+01 1.65515e+00 -9.44994e-01
9.13000e+01 1.55413e+00 -1.08565e+00
9.14000e+01 1.43487e+00 -1.32427e+00
9.15000e+01 1.28002e+00 -1.86334e+00
9.16000e+01 9.99938e-01 -4.91047e+00
9.17000e+01 -2.00751e+00 6.50581e-01
9.18000e+01 -1.93951e+00 7.00722e-01
9.19000e+01 -1.86712e+00 7.48859e-01
9.20000e+01 -1.78932e+00 8.09581e-01
9.21000e+01 -1.70456e+00 8.89639e-01
9.22000e+01 -1.61033e+00 1.00222e+00
9.23000e+01 -1.50208e+00 1.17763e+00
9.24000e+01 -1.36990e+00 1.50740e+00
9.25000e+01 -1.18181e+00 2.47928e+00
9.26000e+01 -4.44182e-01 3.38126e+01
9.27000e+01 1.97668e+00 -6.78566e-01
9.28000e+01 1.90674e+00 -7.21631e-01
9.29000e+01 1.83202e+00 -7.74961e-01
9.30000e+01 1.75125e+00 -8.43489e-01
9.31000e+01 1.66252e+00 -9.36259e-01
9.32000e+01 1.56259e+00 -1.07214e+00
9.33000e+01 1.44515e+00 -1.29940e+00
9.34000e+01 1.29435e+00 -1.79616e+00
9.35000e+01 1.03566e+00 -4.24116e+00
9.36000e+01 -2.01234e+00 5.41738e-01
9.37000e+01 -1.94499e+00 6.97356e-01
9.38000e+01 -1.87297e+00 7.44695e-01
9.39000e+01 -1.79564e+00 8.04238e-01
9.40000e+01 -1.71151e+00 8.82425e-01
9.41000e+01 -1.61814e+00 9.91703e-01
9.42000e+01 -1.51124e+00 1.16025e+00
9.43000e+01 -1.38157e+00 1.47080e+00
9.44000e+01 -1.20067e+00 2.33571e+00
9.45000e+01 -6.44614e-01 1.93428e+01
9.46000e+01 1.98199e+00 -6.75530e-01
9.47000e+01 1.91239e+00 -7.17933e-01
9.48000e+01 1.83807e+00 -7.70314e-01
9.49000e+01 1.75784e+00 -8.37399e-01
9.50000e+01 1.66982e+00 -9.27777e-01
9.51000e+01 1.57094e+00 -1.05916e+00
9.52000e+01 1.45524e+00 -1.27591e+00
9.53000e+01 1.30819e+00 -1.73554e+00
9.54000e+01 1.06686e+00 -3.74540e+00
9.55000e+01 -2.01367e+00 -6.29518e-01
9.56000e+01 -1.95044e+00 6.94042e-01
9.57000e+01 -1.87879e+00 7.40604e-01
9.58000e+01 -1.80193e+00 7.99007e-01
9.59000e+01 -1.71839e+00 8.75395e-01
9.60000e+01 -1.62587e+00 9.81532e-01
9.61000e+01 -1.52026e+00 1.14365e+00
9.62000e+01 -1.39296e+00 1.43676e+00
9.63000e+01 -1.21848e+00 2.21248e+00
9.64000e+01 -7.67005e-01 1.26596e+01
9.65000e+01 1.98727e+00 -6.72536e-01
9.66000e+01 1.91800e+00 -7.14295e-01
9.67000e+01 1.84409e+00 -7.65756e-01
9.68000e+01 1.76438e+00 -8.31448e-01
9.69000e+01 1.67706e+00 -9.19535e-01
9.70000e+01 1.57919e+00 -1.04665e+00
9.71000e+01 1.46515e+00 -1.25369e+00
9.72000e+01 1.32157e+00 -1.68052e+00
9.73000e+01 1.09467e+00 -3.36561e+00
9.74000e+01 -1.97737e+00 -1.30247e+01
9.75000e+01 -1.95587e+00 6.90778e-01
9.76000e+01 -1.88458e+00 7.36585e-01
9.77000e+01 -1.80817e+00 7.93884e-01
9.78000e+01 -1.72523e+00 8.68541e-01
9.79000e+01 -1.63352e+00 9.71686e-01
9.80000e+01 -1.52916e+00 1.12777e+00
9.81000e+01 -1.40409e+00 1.40500e+00
9.82000e+01 -1.23539e+00 2.10551e+00
9.83000e+01 -8.51046e-01 9.12525e+00
9.84000e+01 1.99253e+00 -6.69575e-01
9.85000e+01 1.92358e+00 -7.10716e-01
9.86000e+01 1.85007e+00 -7.61284e-01
9.87000e+01 1.77087e+00 -8.25631e-01
9.88000e+01 1.68424e+00 -9.11523e-01
9.89000e+01 1.58735e+00 -1.03460e+00
9.90000e+01 1.47489e+00 -1.23264e+00
9.91000e+01 1.33454e+00 -1.63033e+00
9.92000e+01 1.11982e+00 -3.06644e+00
9.93000e+01 -1.62868e+00 -9.33199e+01
9.94000e+01 -1.96127e+00 6.87563e-01
9.95000e+01 -1.89033e+00 7.32636e-01
9.96000e+01 -1.81437e+00 7.88865e-01
9.97000e+01 -1.73201e+00 8.61856e-01
9.98000e+01 -1.64110e+00 9.62147e-01
9.99000e+01 -1.53794e+00 1.11257e+00
1.00000e+02 -1.41499e+00 1.37528e+00
